test15=[9, 7, 5, 4, 4, 4, 12, 7, 3, 3, 3, 3, 4, 9, 5, 5, 5, 5, 3, 2, 6, 13, 13, 23, 22, 11, 18, 4, 4, 14, 10, 3, 4, 3, 2, 7, 3, 11, 7, 4, 4, 12, 6, 3, 3, 4, 6, 8, 3, 5, 2, 4, 5, 4, 5, 8, 4, 8, 4, 7, 3, 4, 8, 2, 4, 4, 4, 4, 6, 7, 2, 7, 5, 5, 3, 5, 7, 11, 3, 3, 3, 3, 3, 2, 5, 4, 4, 1, 9, 5, 3, 15, 17, 12, 2, 2, 3, 14, 4, 4, 2, 5, 6, 5, 9, 5, 7, 5, 4, 8, 2, 9, 3, 6, 9, 4, 8, 4, 9, 5, 2, 5, 8, 2, 4, 4, 5, 2, 4, 4, 5, 2, 4, 8, 8, 4, 6, 3, 20, 4, 13, 6, 2, 3, 5, 4, 5, 6, 3, 8, 5, 2, 10, 4, 6, 8, 8, 9, 11, 5, 9, 2, 4, 3, 23, 5, 3, 4, 2, 4, 4, 6, 2, 3, 4, 7, 5, 9, 29, 17, 6, 6, 6, 14, 13, 5, 10, 12, 5, 12, 4, 32, 4, 6, 10, 3, 4, 3, 8, 4, 8, 4, 3, 4, 3, 3, 3, 7, 3, 3, 2, 6, 4, 7, 5, 7, 6, 4, 5, 6, 3, 4, 4, 6, 3, 9, 8, 2, 2, 6, 10, 4, 2, 5, 6, 4, 2, 1, 3, 6, 8, 1, 4, 3, 4, 6, 3, 4, 3, 2, 3, 4, 4, 8, 2, 7, 6, 6, 4, 5, 2, 4, 3, 3, 4, 5, 16, 5, 3, 1, 8, 12, 2, 2, 10, 8, 11, 4, 10, 5, 3, 5, 10, 2, 8, 2, 5, 4, 3, 3, 8, 6, 4, 3, 2, 7, 16, 9, 1, 19, 2, 5, 3, 6, 10, 3, 4, 6, 5, 9, 3, 4, 7, 5, 7, 5, 2, 8, 5, 8, 8, 2, 9, 6, 6, 8, 7, 3, 7, 7, 5, 6, 3, 3, 9, 6, 17, 8, 8, 2, 11, 5, 11, 14, 3, 7, 9, 2, 8, 4, 2, 4, 4, 2, 11, 6, 2, 4, 14, 3, 3, 9, 19, 8, 5, 7, 6, 5, 5, 31, 4, 7, 7, 9, 3, 5, 2, 2, 8, 5, 3, 5, 23, 4, 5, 8, 1, 12, 4, 2, 2, 7, 5, 13, 5, 4, 3, 7, 7, 2, 2, 4, 3, 4, 7, 7, 11, 7, 12, 6, 2, 5, 3, 7, 5, 5, 2, 6, 4, 6, 7, 5, 10, 11, 6, 5, 4, 3, 4, 8, 6, 5, 3, 7, 8, 12, 5, 12, 5, 5, 3, 4, 6, 4, 5, 15, 13, 11, 3, 17, 5, 10, 9, 3, 6, 14, 5, 6, 5, 8, 3, 10, 5, 4, 7, 5, 7, 8, 7, 5, 3, 9, 4, 2, 4, 3, 3, 5, 4, 4, 3, 10, 15, 12, 7, 11, 7, 9, 11, 8, 10, 13, 4, 3, 5, 5, 5, 10, 4, 2, 5, 7, 9, 5, 9, 6, 20, 5, 3, 5, 6, 4, 3, 7, 12, 7, 13, 4, 9, 5, 1, 6, 5, 10, 4, 5, 4, 6, 9, 5, 4, 3, 9, 6, 9, 2, 9, 7, 6, 11, 11, 4, 4, 5, 2, 2, 3, 5, 3, 5, 3, 10, 11, 7, 7, 6, 8, 2, 2, 16, 3, 2, 8, 4, 6, 10, 2, 4, 16, 3, 7, 6, 7, 8, 4, 5, 2, 7, 12, 6, 7, 10, 4, 4, 10, 6, 4, 8, 10, 4, 4, 10, 3, 10, 14, 9, 9, 13, 4, 8, 1, 4, 4, 10, 12, 2, 3, 8, 13, 8, 3, 4, 9, 2, 2, 6, 3];

test14=[17, 8, 5, 7, 7, 8, 6, 5, 6, 9, 4, 14, 3, 2, 2, 3, 3, 4, 2, 2, 4, 5, 7, 2, 7, 2, 2, 4, 10, 3, 3, 2, 1, 2, 4, 2, 8, 3, 8, 5, 2, 8, 3, 3, 1, 5, 4, 3, 6, 5, 6, 3, 2, 4, 2, 3, 2, 3, 5, 10, 6, 2, 3, 4, 5, 5, 4, 3, 3, 2, 14, 10, 5, 3, 5, 2, 8, 3, 4, 4, 5, 5, 6, 4, 4, 1, 7, 10, 5, 2, 4, 2, 6, 4, 5, 6, 7, 4, 2, 17, 8, 5, 9, 15, 7, 17, 12, 11, 7, 5, 14, 4, 2, 4, 2, 2, 3, 3, 3, 2, 3, 3, 2, 2, 1, 4, 2, 3, 3, 2, 6, 5, 4, 3, 1, 1, 4, 1, 3, 6, 5, 4, 3, 3, 7, 6, 16, 4, 8, 3, 4, 2, 4, 3, 3, 4, 4, 3, 2, 6, 2, 2, 4, 3, 7, 5, 5, 3, 5, 5, 5, 5, 1, 3, 9, 3, 11, 4, 11, 4, 2, 7, 4, 2, 5, 3, 4, 2, 2, 2, 2, 10, 5, 2, 5, 7, 9, 2, 3, 2, 5, 4, 8, 5, 3, 2, 2, 3, 7, 2, 6, 3, 3, 5, 4, 4, 6, 5, 5, 6, 6, 5, 3, 3, 7, 5, 4, 7, 2, 2, 2, 4, 6, 2, 10, 3, 2, 5, 2, 2, 2, 3, 10, 3, 4, 3, 3, 2, 5, 3, 3, 7, 4, 4, 3, 2, 4, 3, 5, 1, 1, 1, 3, 4, 6, 3, 2, 2, 3, 3, 6, 5, 9, 8, 7, 4, 15, 17, 19, 2, 3, 3, 3, 3, 6, 2, 4, 4, 1, 10, 4, 4, 7, 4, 8, 2, 9, 6, 5, 4, 19, 2, 2, 3, 4, 5, 9, 5, 4, 3, 2, 4, 3, 4, 3, 5, 5, 4, 3, 3, 2, 2, 2, 14, 3, 2, 2, 4, 4, 5, 3, 4, 6, 2, 1, 5, 3, 6, 6, 7, 10, 12, 3, 2, 2, 3, 1, 7, 12, 5, 5, 2, 3, 3, 5, 6, 7, 2, 1, 2, 1, 3, 2, 4, 3, 3, 2, 4, 3, 4, 2, 6, 5, 6, 2, 1, 2, 1, 6, 8, 7, 8, 11, 2, 2, 3, 2, 3, 2, 4, 2, 5, 6, 3, 4, 11, 3, 6, 6, 3, 10, 4, 9, 3, 4, 4, 2, 3, 4, 2, 6, 10, 4, 2, 2, 3, 2, 10, 4, 5, 9, 9, 5, 2, 2, 2, 3, 3, 7, 24, 2, 10, 6, 3, 3, 6, 3, 5, 4, 2, 6, 3, 2, 8, 5, 4, 3, 2, 4, 3, 2, 6, 9, 4, 2, 1, 4, 3, 2, 3, 6, 5, 1, 4, 3, 4, 5, 2, 8, 3, 4, 5, 3, 3, 5, 4, 3, 3, 2, 5, 2, 7, 6, 4, 2, 3, 3, 4, 2, 9, 6, 4, 4, 3, 6, 2, 8, 4, 11, 3, 5, 3, 5, 2, 4, 4, 4, 4, 6, 6, 3, 2, 3, 4, 2, 4, 5, 2, 3, 5, 4, 2, 6, 9, 0, 11, 2, 4, 6, 14, 11, 9, 3, 2, 1, 9, 2, 2, 3, 8, 5, 3, 2, 3, 5, 3, 8, 9, 5, 5, 2, 3, 7, 3, 3, 2, 2, 2, 2, 22, 3, 2, 2, 5, 4, 4, 5, 2, 9, 3, 5, 14, 5, 3, 3, 1, 6, 2, 3, 2, 5, 2, 3, 2, 6, 6, 2, 4, 3, 6, 2, 7, 6, 6, 6, 1, 2, 4, 4, 3, 7, 4, 2, 4, 4, 3, 7, 5, 6, 3, 11, 4, 3, 3, 6, 3, 4, 7, 2, 4, 3, 8, 3, 1, 7, 6, 4, 4, 5, 3, 4, 4, 7, 3, 1, 5];

test13=[13, 3, 3, 3, 4, 2, 3, 6, 3, 3, 3, 6, 3, 2, 5, 6, 3, 3, 6, 4, 8, 2, 8, 4, 3, 2, 4, 4, 3, 5, 2, 2, 2, 3, 3, 11, 4, 3, 2, 3, 3, 4, 4, 3, 5, 3, 5, 2, 3, 3, 4, 2, 6, 3, 4, 3, 2, 3, 3, 2, 4, 2, 2, 4, 7, 3, 2, 4, 3, 4, 8, 4, 5, 2, 3, 1, 2, 3, 3, 3, 2, 3, 4, 3, 3, 2, 4, 7, 4, 4, 2, 4, 2, 2, 5, 2, 2, 3, 4, 3, 5, 2, 3, 4, 6, 2, 6, 6, 3, 4, 2, 2, 3, 1, 1, 4, 3, 3, 2, 5, 2, 3, 4, 3, 4, 2, 3, 2, 3, 1, 3, 4, 2, 2, 1, 3, 2, 3, 3, 2, 5, 3, 2, 2, 7, 4, 4, 3, 3, 3, 4, 2, 3, 2, 4, 4, 4, 2, 10, 18, 5, 6, 5, 3, 4, 2, 2, 4, 5, 4, 2, 3, 3, 6, 3, 2, 2, 2, 4, 3, 6, 4, 2, 3, 2, 13, 2, 5, 3, 2, 3, 5, 2, 2, 4, 5, 3, 8, 2, 2, 2, 3, 2, 2, 2, 2, 3, 7, 2, 1, 3, 3, 3, 3, 4, 7, 3, 2, 2, 2, 1, 2, 3, 2, 6, 4, 3, 2, 3, 3, 2, 3, 8, 6, 2, 4, 4, 3, 4, 5, 2, 2, 2, 3, 2, 2, 2, 3, 3, 10, 4, 6, 19, 6, 2, 4, 4, 2, 4, 6, 3, 4, 2, 3, 2, 1, 3, 8, 2, 3, 3, 2, 3, 5, 6, 3, 4, 2, 4, 2, 2, 2, 3, 2, 2, 3, 3, 3, 3, 2, 3, 3, 5, 9, 4, 2, 3, 5, 3, 3, 2, 9, 4, 3, 7, 2, 3, 4, 3, 3, 3, 7, 2, 8, 11, 2, 3, 4, 2, 3, 5, 7, 4, 7, 3, 16, 9, 8, 8, 8, 5, 26, 10, 3, 5, 3, 6, 3, 6, 2, 2, 2, 4, 4, 2, 6, 5, 3, 4, 2, 2, 8, 5, 3, 5, 4, 9, 12, 2, 3, 4, 3, 3, 9, 4, 3, 4, 4, 3, 21, 2, 2, 2, 3, 3, 5, 4, 3, 1, 1, 5, 2, 2, 1, 3, 4, 5, 3, 4, 2, 7, 3, 3, 2, 3, 4, 4, 2, 1, 2, 26, 6, 3, 4, 4, 8, 5, 6, 6, 4, 3, 7, 4, 2, 5, 3, 1, 2, 2, 8, 3, 2, 2, 4, 4, 4, 4, 4, 3, 4, 2, 2, 2, 1, 2, 2, 2, 2, 3, 8, 1, 2, 3, 8, 1, 4, 1, 6, 2, 3, 2, 1, 2, 3, 2, 1, 2, 4, 2, 2, 2, 3, 2, 3, 4, 3, 3, 2, 9, 5, 3, 3, 1, 2, 3, 5, 7, 1, 4, 6, 1, 3, 3, 3, 6, 9, 4, 4, 23, 0, 2, 3, 4, 5, 3, 4, 2, 3, 1, 2, 2, 2, 3, 3, 2, 3, 3, 5, 3, 2, 3, 1, 2, 6, 6, 6, 6, 2, 2, 3, 3, 4, 3, 9, 3, 2, 2, 4, 4, 3, 4, 4, 3, 4, 1, 3, 2, 3, 5, 5, 3, 6, 2, 1, 1, 2, 2, 4, 10, 4, 6, 3, 4, 4, 4, 6, 1, 4, 3, 3, 3, 3, 5, 4, 6, 6, 7, 1, 8, 3, 7, 8, 2, 4, 3, 3, 5, 3, 3, 1, 3, 2, 2, 2, 3, 6, 5, 5, 3, 2, 3, 3, 2, 2, 10, 3, 4, 3, 6, 3, 1, 3, 3, 3, 2, 4, 2, 8, 6, 4, 4, 2, 5, 3, 3, 3, 6, 5, 1, 3, 4, 7, 5, 1, 2, 7, 2, 3, 2, 3, 2, 5, 3, 2, 5, 5, 2, 6, 9, 4, 5, 4, 2, 3, 2, 4, 2, 1, 4, 8, 20];

test12=[10, 7, 17, 4, 5, 8, 3, 8, 5, 10, 3, 8, 6, 2, 2, 3, 6, 2, 2, 2, 2, 9, 2, 2, 3, 5, 6, 7, 2, 2, 3, 4, 3, 14, 2, 2, 4, 2, 5, 2, 2, 3, 3, 3, 3, 2, 3, 3, 4, 3, 10, 2, 2, 2, 2, 2, 1, 2, 2, 3, 2, 2, 2, 2, 2, 1, 2, 2, 2, 2, 1, 2, 4, 3, 3, 2, 5, 3, 2, 4, 4, 4, 6, 2, 5, 2, 6, 2, 2, 3, 4, 3, 2, 2, 2, 2, 2, 1, 2, 2, 1, 1, 5, 3, 2, 2, 1, 2, 2, 2, 7, 2, 3, 3, 1, 2, 2, 3, 2, 3, 2, 2, 3, 2, 1, 1, 4, 4, 3, 2, 4, 2, 2, 2, 1, 2, 1, 2, 2, 3, 2, 2, 2, 2, 1, 2, 1, 1, 2, 2, 4, 3, 2, 1, 2, 1, 2, 2, 3, 3, 3, 3, 2, 2, 5, 3, 2, 2, 1, 2, 3, 1, 3, 1, 6, 4, 1, 2, 1, 2, 2, 3, 1, 1, 1, 3, 2, 1, 2, 2, 3, 5, 2, 2, 2, 4, 2, 3, 2, 3, 3, 3, 1, 2, 1, 1, 1, 2, 1, 2, 1, 1, 3, 1, 5, 2, 3, 2, 2, 2, 1, 2, 2, 1, 1, 1, 1, 1, 2, 10, 2, 1, 2, 2, 2, 1, 2, 2, 2, 1, 1, 1, 2, 3, 3, 3, 2, 2, 2, 1, 3, 1, 2, 1, 2, 2, 2, 2, 2, 1, 2, 2, 1, 6, 1, 2, 2, 2, 3, 3, 3, 2, 1, 2, 1, 2, 1, 7, 6, 4, 3, 1, 2, 1, 2, 7, 2, 8, 4, 3, 4, 2, 9, 17, 4, 6, 2, 2, 8, 3, 4, 8, 1, 7, 6, 2, 5, 2, 2, 2, 2, 3, 1, 4, 3, 3, 1, 2, 1, 1, 1, 1, 1, 2, 1, 1, 2, 2, 1, 1, 2, 2, 3, 3, 2, 3, 1, 2, 1, 2, 2, 1, 2, 2, 1, 1, 1, 2, 1, 2, 1, 3, 2, 1, 2, 1, 2, 1, 2, 1, 2, 2, 2, 2, 2, 2, 3, 2, 2, 1, 6, 2, 2, 3, 2, 2, 2, 1, 1, 1, 1, 1, 1, 3, 2, 2, 1, 2, 3, 1, 1, 2, 2, 3, 2, 2, 1, 1, 1, 1, 2, 2, 2, 1, 1, 1, 1, 2, 1, 1, 2, 3, 1, 1, 1, 1, 1, 1, 2, 1, 1, 2, 1, 1, 1, 1, 1, 1, 2, 2, 5, 3, 2, 1, 1, 2, 1, 2, 2, 2, 2, 2, 1, 1, 1, 6, 2, 3, 9, 11, 2, 2, 1, 2, 2, 1, 1, 1, 2, 2, 1, 5, 2, 5, 5, 2, 3, 4, 6, 4, 1, 3, 2, 1, 2, 1, 1, 2, 1, 13, 2, 1, 1, 3, 3, 2, 1, 2, 1, 2, 1, 1, 1, 2, 1, 1, 1, 2, 1, 1, 2, 5, 4, 2, 2, 1, 2, 1, 2, 1, 2, 1, 2, 2, 1, 2, 2, 2, 3, 1, 3, 1, 1, 2, 1, 2, 1, 1, 2, 1, 1, 1, 1, 2, 2, 3, 4, 1, 2, 1, 1, 3, 2, 1, 1, 0, 1, 1, 2, 1, 7, 2, 4, 2, 3];

